date,path,coverage
2022-01-06,153,full
2022-01-15,154,full
2022-01-22,153,full
2022-01-31,154,full
2022-02-07,153,full
2022-02-16,154,full
2022-02-23,153,full
2022-03-04,154,full
2022-03-11,153,full
2022-03-20,154,full
2022-03-27,153,full
2022-04-05,154,full
2022-04-12,153,full
2022-04-21,154,full
2022-04-28,153,full
2022-05-07,154,full
2022-05-14,153,full
2022-05-23,154,full
2022-05-30,153,full
2022-06-08,154,full
2022-06-15,153,full
2022-06-24,154,full
2022-07-01,153,full
2022-07-10,154,full
2022-07-17,153,full
2022-07-26,154,full
2022-08-02,153,full
2022-08-11,154,full
2022-08-18,153,full
2022-08-27,154,full
2022-09-03,153,full
2022-09-12,154,full
2022-09-19,153,full
2022-09-28,154,full
2022-10-05,153,full
2022-10-14,154,full
2022-10-21,153,full
2022-10-30,154,full
2022-11-06,153,full
2022-11-15,154,full
2022-11-22,153,full
2022-12-01,154,full
2022-12-08,153,full
2022-12-17,154,full
2022-12-24,153,full
