date,path,coverage
2023-01-08,139,full
2023-01-16,139,full
2023-01-24,139,full
2023-02-01,139,full
2023-02-09,139,full
2023-02-17,139,full
2023-02-25,139,full
2023-03-05,139,full
2023-03-13,139,full
2023-03-21,139,full
2023-03-29,139,full
2023-04-06,139,full
2023-04-14,139,full
2023-04-22,139,full
2023-04-30,139,full
2023-05-08,139,full
2023-05-16,139,full
2023-05-24,139,full
2023-06-01,139,full
2023-06-09,139,full
2023-06-17,139,full
2023-06-25,139,full
2023-07-03,139,full
2023-07-11,139,full
2023-07-19,139,full
2023-07-27,139,full
2023-08-04,139,full
2023-08-12,139,full
2023-08-20,139,full
2023-08-28,139,full
2023-09-05,139,full
2023-09-13,139,full
2023-09-21,139,full
2023-09-29,139,full
2023-10-07,139,full
2023-10-15,139,full
2023-10-23,139,full
2023-10-31,139,full
2023-11-08,139,full
2023-11-16,139,full
2023-11-24,139,full
2023-12-02,139,full
2023-12-10,139,full
2023-12-18,139,full
2023-12-26,139,full
