date,path,coverage
2023-01-01,121,full
2023-01-02,123,full
2023-01-08,122,full
2023-01-09,121,full
2023-01-10,123,full
2023-01-16,122,full
2023-01-17,121,full
2023-01-18,123,full
2023-01-24,122,full
2023-01-25,121,full
2023-01-26,123,full
2023-02-01,122,full
2023-02-02,121,full
2023-02-03,123,full
2023-02-09,122,full
2023-02-10,121,full
2023-02-11,123,full
2023-02-17,122,full
2023-02-18,121,full
2023-02-19,123,full
2023-02-25,122,full
2023-02-26,121,full
2023-02-27,123,full
2023-03-05,122,full
2023-03-06,121,full
2023-03-07,123,full
2023-03-13,122,full
2023-03-14,121,full
2023-03-15,123,full
2023-03-21,122,full
2023-03-22,121,full
2023-03-23,123,full
2023-03-29,122,full
2023-03-30,121,full
2023-03-31,123,full
2023-04-06,122,full
2023-04-07,121,full
2023-04-08,123,full
2023-04-14,122,full
2023-04-15,121,full
2023-04-16,123,full
2023-04-22,122,full
2023-04-23,121,full
2023-04-24,123,full
2023-04-30,122,full
2023-05-01,121,full
2023-05-02,123,full
2023-05-08,122,full
2023-05-09,121,full
2023-05-10,123,full
2023-05-16,122,full
2023-05-17,121,full
2023-05-18,123,full
2023-05-24,122,full
2023-05-25,121,full
2023-05-26,123,full
2023-06-01,122,full
2023-06-02,121,full
2023-06-03,123,full
2023-06-09,122,full
2023-06-10,121,full
2023-06-11,123,full
2023-06-17,122,full
2023-06-18,121,full
2023-06-19,123,full
2023-06-25,122,full
2023-06-26,121,full
2023-06-27,123,full
2023-07-03,122,full
2023-07-04,121,full
2023-07-05,123,full
2023-07-11,122,full
2023-07-12,121,full
2023-07-13,123,full
2023-07-19,122,full
2023-07-20,121,full
2023-07-21,123,full
2023-07-27,122,full
2023-07-28,121,full
2023-07-29,123,full
2023-08-04,122,full
2023-08-05,121,full
2023-08-06,123,full
2023-08-12,122,full
2023-08-13,121,full
2023-08-14,123,full
2023-08-20,122,full
2023-08-21,121,full
2023-08-22,123,full
2023-08-28,122,full
2023-08-29,121,full
2023-08-30,123,full
2023-09-05,122,full
2023-09-06,121,full
2023-09-07,123,full
2023-09-13,122,full
2023-09-14,121,full
2023-09-15,123,full
2023-09-21,122,full
2023-09-22,121,full
2023-09-23,123,full
2023-09-29,122,full
2023-09-30,121,full
2023-10-01,123,full
2023-10-07,122,full
2023-10-08,121,full
2023-10-09,123,full
2023-10-15,122,full
2023-10-16,121,full
2023-10-17,123,full
2023-10-23,122,full
2023-10-24,121,full
2023-10-25,123,full
2023-10-31,122,full
2023-11-01,121,full
2023-11-02,123,full
2023-11-08,122,full
2023-11-09,121,full
2023-11-10,123,full
2023-11-16,122,full
2023-11-17,121,full
2023-11-18,123,full
2023-11-24,122,full
2023-11-25,121,full
2023-11-26,123,full
2023-12-02,122,full
2023-12-03,121,full
2023-12-04,123,full
2023-12-10,122,full
2023-12-11,121,full
2023-12-12,123,full
2023-12-18,122,full
2023-12-19,121,full
2023-12-20,123,full
2023-12-26,122,full
2023-12-27,121,full
2023-12-28,123,full
