date,path,coverage
2023-01-06,195,full
2023-01-07,197,full
2023-01-08,196,full
2023-01-14,195,full
2023-01-15,197,full
2023-01-16,196,full
2023-01-22,195,full
2023-01-23,197,full
2023-01-24,196,full
2023-01-30,195,full
2023-01-31,197,full
2023-02-01,196,full
2023-02-07,195,full
2023-02-08,197,full
2023-02-09,196,full
2023-02-15,195,full
2023-02-16,197,full
2023-02-17,196,full
2023-02-23,195,full
2023-02-24,197,full
2023-02-25,196,full
2023-03-03,195,full
2023-03-04,197,full
2023-03-05,196,full
2023-03-11,195,full
2023-03-12,197,full
2023-03-13,196,full
2023-03-19,195,full
2023-03-20,197,full
2023-03-21,196,full
2023-03-27,195,full
2023-03-28,197,full
2023-03-29,196,full
2023-04-04,195,full
2023-04-05,197,full
2023-04-06,196,full
2023-04-12,195,full
2023-04-13,197,full
2023-04-14,196,full
2023-04-20,195,full
2023-04-21,197,full
2023-04-22,196,full
2023-04-28,195,full
2023-04-29,197,full
2023-04-30,196,full
2023-05-06,195,full
2023-05-07,197,full
2023-05-08,196,full
2023-05-14,195,full
2023-05-15,197,full
2023-05-16,196,full
2023-05-22,195,full
2023-05-23,197,full
2023-05-24,196,full
2023-05-30,195,full
2023-05-31,197,full
2023-06-01,196,full
2023-06-07,195,full
2023-06-08,197,full
2023-06-09,196,full
2023-06-15,195,full
2023-06-16,197,full
2023-06-17,196,full
2023-06-23,195,full
2023-06-24,197,full
2023-06-25,196,full
2023-07-01,195,full
2023-07-02,197,full
2023-07-03,196,full
2023-07-09,195,full
2023-07-10,197,full
2023-07-11,196,full
2023-07-17,195,full
2023-07-18,197,full
2023-07-19,196,full
2023-07-25,195,full
2023-07-26,197,full
2023-07-27,196,full
2023-08-02,195,full
2023-08-03,197,full
2023-08-04,196,full
2023-08-10,195,full
2023-08-11,197,full
2023-08-12,196,full
2023-08-18,195,full
2023-08-19,197,full
2023-08-20,196,full
2023-08-26,195,full
2023-08-27,197,full
2023-08-28,196,full
2023-09-03,195,full
2023-09-04,197,full
2023-09-05,196,full
2023-09-11,195,full
2023-09-12,197,full
2023-09-13,196,full
2023-09-19,195,full
2023-09-20,197,full
2023-09-21,196,full
2023-09-27,195,full
2023-09-28,197,full
2023-09-29,196,full
2023-10-05,195,full
2023-10-06,197,full
2023-10-07,196,full
2023-10-13,195,full
2023-10-14,197,full
2023-10-15,196,full
2023-10-21,195,full
2023-10-22,197,full
2023-10-23,196,full
2023-10-29,195,full
2023-10-30,197,full
2023-10-31,196,full
2023-11-06,195,full
2023-11-07,197,full
2023-11-08,196,full
2023-11-14,195,full
2023-11-15,197,full
2023-11-16,196,full
2023-11-22,195,full
2023-11-23,197,full
2023-11-24,196,full
2023-11-30,195,full
2023-12-01,197,full
2023-12-02,196,full
2023-12-08,195,full
2023-12-09,197,full
2023-12-10,196,full
2023-12-16,195,full
2023-12-17,197,full
2023-12-18,196,full
2023-12-24,195,full
2023-12-25,197,full
2023-12-26,196,full
